insert 1 1 1
insert 2 2 2
insert 3 3 3
insert 4 4 4
insert 5 5 5
insert 6 6 6
insert 7 7 7
insert 8 8 8
insert 9 9 9
insert 10 10 10
insert 11 11 11
insert 12 12 12
insert 13 13 13
insert 14 14 14
insert 15 15 15
insert 16 16 16
insert 17 17 17
insert 18 18 18
insert 19 19 19
insert 20 20 20
insert 21 21 21
insert 22 22 22
insert 23 23 23
insert 24 24 24
insert 25 25 25
insert 26 26 26
insert 27 27 27
insert 28 28 28
insert 29 29 29
insert 30 30 30
insert 31 31 31
insert 32 32 32
insert 33 33 33
insert 34 34 34
insert 35 35 35
insert 36 36 36
insert 37 37 37
insert 38 38 38
insert 39 39 39
insert 40 40 40
insert 41 41 41
insert 42 42 42
insert 43 43 43
insert 44 44 44
insert 45 45 45
insert 46 46 46
insert 47 47 47
insert 48 48 48
insert 49 49 49
insert 50 50 50
insert 51 51 51
insert 52 52 52
insert 53 53 53
insert 54 54 54
insert 55 55 55
insert 56 56 56
insert 57 57 57
insert 58 58 58
insert 59 59 59
insert 60 60 60
insert 61 61 61
insert 62 62 62
insert 63 63 63
insert 64 64 64
insert 65 65 65
insert 66 66 66
insert 67 67 67
insert 68 68 68
insert 69 69 69
insert 70 70 70
insert 71 71 71
insert 72 72 72
insert 73 73 73
insert 74 74 74
insert 75 75 75
insert 76 76 76
insert 77 77 77
insert 78 78 78
insert 79 79 79
insert 80 80 80
insert 81 81 81
insert 82 82 82
insert 83 83 83
insert 84 84 84
insert 85 85 85
insert 86 86 86
insert 87 87 87
insert 88 88 88
insert 89 89 89
insert 90 90 90
insert 91 91 91
insert 92 92 92
insert 93 93 93
insert 94 94 94
insert 95 95 95
insert 96 96 96
insert 97 97 97
insert 98 98 98
insert 99 99 99
insert 100 100 100
insert 101 101 101
insert 102 102 102
insert 103 103 103
insert 104 104 104
insert 105 105 105
insert 106 106 106
insert 107 107 107
insert 108 108 108
insert 109 109 109
insert 110 110 110
insert 111 111 111
insert 112 112 112
insert 113 113 113
insert 114 114 114
insert 115 115 115
insert 116 116 116
insert 117 117 117
insert 118 118 118
insert 119 119 119
insert 120 120 120
insert 121 121 121
insert 122 122 122
insert 123 123 123
insert 124 124 124
insert 125 125 125
insert 126 126 126
insert 127 127 127
insert 128 128 128
insert 129 129 129
insert 130 130 130
insert 131 131 131
insert 132 132 132
insert 133 133 133
insert 134 134 134
insert 135 135 135
insert 136 136 136
insert 137 137 137
insert 138 138 138
insert 139 139 139
insert 140 140 140
insert 141 141 141
insert 142 142 142
insert 143 143 143
insert 144 144 144
insert 145 145 145
insert 146 146 146
insert 147 147 147
insert 148 148 148
insert 149 149 149
insert 150 150 150
insert 151 151 151
insert 152 152 152
insert 153 153 153
insert 154 154 154
insert 155 155 155
insert 156 156 156
insert 157 157 157
insert 158 158 158
insert 159 159 159
insert 160 160 160
insert 161 161 161
insert 162 162 162
insert 163 163 163
insert 164 164 164
insert 165 165 165
insert 166 166 166
insert 167 167 167
insert 168 168 168
insert 169 169 169
insert 170 170 170
insert 171 171 171
insert 172 172 172
insert 173 173 173
insert 174 174 174
insert 175 175 175
insert 176 176 176
insert 177 177 177
insert 178 178 178
insert 179 179 179
insert 180 180 180
insert 181 181 181
insert 182 182 182
insert 183 183 183
insert 184 184 184
insert 185 185 185
insert 186 186 186
insert 187 187 187
insert 188 188 188
insert 189 189 189
insert 190 190 190
insert 191 191 191
insert 192 192 192
insert 193 193 193
insert 194 194 194
insert 195 195 195
insert 196 196 196
insert 197 197 197
insert 198 198 198
insert 199 199 199
insert 200 200 200
insert 201 201 201
insert 202 202 202
insert 203 203 203
insert 204 204 204
insert 205 205 205
insert 206 206 206
insert 207 207 207
insert 208 208 208
insert 209 209 209
insert 210 210 210
insert 211 211 211
insert 212 212 212
insert 213 213 213
insert 214 214 214
insert 215 215 215
insert 216 216 216
insert 217 217 217
insert 218 218 218
insert 219 219 219
insert 220 220 220
insert 221 221 221
insert 222 222 222
insert 223 223 223
insert 224 224 224
insert 225 225 225
insert 226 226 226
insert 227 227 227
insert 228 228 228
insert 229 229 229
insert 230 230 230
insert 231 231 231
insert 232 232 232
insert 233 233 233
insert 234 234 234
insert 235 235 235
insert 236 236 236
insert 237 237 237
insert 238 238 238
insert 239 239 239
insert 240 240 240
insert 241 241 241
insert 242 242 242
insert 243 243 243
insert 244 244 244
insert 245 245 245
insert 246 246 246
insert 247 247 247
insert 248 248 248
insert 249 249 249
insert 250 250 250
insert 251 251 251
insert 252 252 252
insert 253 253 253
insert 254 254 254
insert 255 255 255
insert 256 256 256
insert 257 257 257
insert 258 258 258
insert 259 259 259
insert 260 260 260
insert 261 261 261
insert 262 262 262
insert 263 263 263
insert 264 264 264
insert 265 265 265
insert 266 266 266
insert 267 267 267
insert 268 268 268
insert 269 269 269
insert 270 270 270
insert 271 271 271
insert 272 272 272
insert 273 273 273
insert 274 274 274
insert 275 275 275
insert 276 276 276
insert 277 277 277
insert 278 278 278
insert 279 279 279
insert 280 280 280
insert 281 281 281
insert 282 282 282
insert 283 283 283
insert 284 284 284
insert 285 285 285
insert 286 286 286
insert 287 287 287
insert 288 288 288
insert 289 289 289
insert 290 290 290
insert 291 291 291
insert 292 292 292
insert 293 293 293
insert 294 294 294
insert 295 295 295
insert 296 296 296
insert 297 297 297
insert 298 298 298
insert 299 299 299
insert 300 300 300
insert 301 301 301
insert 302 302 302
insert 303 303 303
insert 304 304 304
insert 305 305 305
insert 306 306 306
insert 307 307 307
insert 308 308 308
insert 309 309 309
insert 310 310 310
insert 311 311 311
insert 312 312 312
insert 313 313 313
insert 314 314 314
insert 315 315 315
insert 316 316 316
insert 317 317 317
insert 318 318 318
insert 319 319 319
insert 320 320 320
insert 321 321 321
insert 322 322 322
insert 323 323 323
insert 324 324 324
insert 325 325 325
insert 326 326 326
insert 327 327 327
insert 328 328 328
insert 329 329 329
insert 330 330 330
insert 331 331 331
insert 332 332 332
insert 333 333 333
insert 334 334 334
insert 335 335 335
insert 336 336 336
insert 337 337 337
insert 338 338 338
insert 339 339 339
insert 340 340 340
insert 341 341 341
insert 342 342 342
insert 343 343 343
insert 344 344 344
insert 345 345 345
insert 346 346 346
insert 347 347 347
insert 348 348 348
insert 349 349 349
insert 350 350 350
insert 351 351 351
insert 352 352 352
insert 353 353 353
insert 354 354 354
insert 355 355 355
insert 356 356 356
insert 357 357 357
insert 358 358 358
insert 359 359 359
insert 360 360 360
insert 361 361 361
insert 362 362 362
insert 363 363 363
insert 364 364 364
insert 365 365 365
insert 366 366 366
insert 367 367 367
insert 368 368 368
insert 369 369 369
insert 370 370 370
insert 371 371 371
insert 372 372 372
insert 373 373 373
insert 374 374 374
insert 375 375 375
insert 376 376 376
insert 377 377 377
insert 378 378 378
insert 379 379 379
insert 380 380 380
insert 381 381 381
insert 382 382 382
insert 383 383 383
insert 384 384 384
insert 385 385 385
insert 386 386 386
insert 387 387 387
insert 388 388 388
insert 389 389 389
insert 390 390 390
insert 391 391 391
insert 392 392 392
insert 393 393 393
insert 394 394 394
insert 395 395 395
insert 396 396 396
insert 397 397 397
insert 398 398 398
insert 399 399 399
insert 400 400 400
insert 401 401 401
insert 402 402 402
insert 403 403 403
insert 404 404 404
insert 405 405 405
insert 406 406 406
insert 407 407 407
insert 408 408 408
insert 409 409 409
insert 410 410 410
insert 411 411 411
insert 412 412 412
insert 413 413 413
insert 414 414 414
insert 415 415 415
insert 416 416 416
insert 417 417 417
insert 418 418 418
insert 419 419 419
insert 420 420 420
insert 421 421 421
insert 422 422 422
insert 423 423 423
insert 424 424 424
insert 425 425 425
insert 426 426 426
insert 427 427 427
insert 428 428 428
insert 429 429 429
insert 430 430 430
insert 431 431 431
insert 432 432 432
insert 433 433 433
insert 434 434 434
insert 435 435 435
insert 436 436 436
insert 437 437 437
insert 438 438 438
insert 439 439 439
insert 440 440 440
insert 441 441 441
insert 442 442 442
insert 443 443 443
insert 444 444 444
insert 445 445 445
insert 446 446 446
insert 447 447 447
insert 448 448 448
insert 449 449 449
insert 450 450 450
insert 451 451 451
insert 452 452 452
insert 453 453 453
insert 454 454 454
insert 455 455 455
insert 456 456 456
insert 457 457 457
insert 458 458 458
insert 459 459 459
insert 460 460 460
insert 461 461 461
insert 462 462 462
insert 463 463 463
insert 464 464 464
insert 465 465 465
insert 466 466 466
insert 467 467 467
insert 468 468 468
insert 469 469 469
insert 470 470 470
insert 471 471 471
insert 472 472 472
insert 473 473 473
insert 474 474 474
insert 475 475 475
insert 476 476 476
insert 477 477 477
insert 478 478 478
insert 479 479 479
insert 480 480 480
insert 481 481 481
insert 482 482 482
insert 483 483 483
insert 484 484 484
insert 485 485 485
insert 486 486 486
insert 487 487 487
insert 488 488 488
insert 489 489 489
insert 490 490 490
insert 491 491 491
insert 492 492 492
insert 493 493 493
insert 494 494 494
insert 495 495 495
insert 496 496 496
insert 497 497 497
insert 498 498 498
insert 499 499 499
insert 500 500 500
insert 501 501 501
insert 502 502 502
insert 503 503 503
insert 504 504 504
insert 505 505 505
insert 506 506 506
insert 507 507 507
insert 508 508 508
insert 509 509 509
insert 510 510 510
insert 511 511 511
insert 512 512 512
insert 513 513 513
insert 514 514 514
insert 515 515 515
insert 516 516 516
insert 517 517 517
insert 518 518 518
insert 519 519 519
insert 520 520 520
insert 521 521 521
insert 522 522 522
insert 523 523 523
insert 524 524 524
insert 525 525 525
insert 526 526 526
insert 527 527 527
insert 528 528 528
insert 529 529 529
insert 530 530 530
insert 531 531 531
insert 532 532 532
insert 533 533 533
insert 534 534 534
insert 535 535 535
insert 536 536 536
insert 537 537 537
insert 538 538 538
insert 539 539 539
insert 540 540 540
insert 541 541 541
insert 542 542 542
insert 543 543 543
insert 544 544 544
insert 545 545 545
insert 546 546 546
insert 547 547 547
insert 548 548 548
insert 549 549 549
insert 550 550 550
insert 551 551 551
insert 552 552 552
insert 553 553 553
insert 554 554 554
insert 555 555 555
insert 556 556 556
insert 557 557 557
insert 558 558 558
insert 559 559 559
insert 560 560 560
insert 561 561 561
insert 562 562 562
insert 563 563 563
insert 564 564 564
insert 565 565 565
insert 566 566 566
insert 567 567 567
insert 568 568 568
insert 569 569 569
insert 570 570 570
insert 571 571 571
insert 572 572 572
insert 573 573 573
insert 574 574 574
insert 575 575 575
insert 576 576 576
insert 577 577 577
insert 578 578 578
insert 579 579 579
insert 580 580 580
insert 581 581 581
insert 582 582 582
insert 583 583 583
insert 584 584 584
insert 585 585 585
insert 586 586 586
insert 587 587 587
insert 588 588 588
insert 589 589 589
insert 590 590 590
insert 591 591 591
insert 592 592 592
insert 593 593 593
insert 594 594 594
insert 595 595 595
insert 596 596 596
insert 597 597 597
insert 598 598 598
insert 599 599 599
insert 600 600 600
insert 601 601 601
insert 602 602 602
insert 603 603 603
insert 604 604 604
insert 605 605 605
insert 606 606 606
insert 607 607 607
insert 608 608 608
insert 609 609 609
insert 610 610 610
insert 611 611 611
insert 612 612 612
insert 613 613 613
insert 614 614 614
insert 615 615 615
insert 616 616 616
insert 617 617 617
insert 618 618 618
insert 619 619 619
insert 620 620 620
insert 621 621 621
insert 622 622 622
insert 623 623 623
insert 624 624 624
insert 625 625 625
insert 626 626 626
insert 627 627 627
insert 628 628 628
insert 629 629 629
insert 630 630 630
insert 631 631 631
insert 632 632 632
insert 633 633 633
insert 634 634 634
insert 635 635 635
insert 636 636 636
insert 637 637 637
insert 638 638 638
insert 639 639 639
insert 640 640 640
insert 641 641 641
insert 642 642 642
insert 643 643 643
insert 644 644 644
insert 645 645 645
insert 646 646 646
insert 647 647 647
insert 648 648 648
insert 649 649 649
insert 650 650 650
insert 651 651 651
insert 652 652 652
insert 653 653 653
insert 654 654 654
insert 655 655 655
insert 656 656 656
insert 657 657 657
insert 658 658 658
insert 659 659 659
insert 660 660 660
insert 661 661 661
insert 662 662 662
insert 663 663 663
insert 664 664 664
insert 665 665 665
insert 666 666 666
insert 667 667 667
insert 668 668 668
insert 669 669 669
insert 670 670 670
insert 671 671 671
insert 672 672 672
insert 673 673 673
insert 674 674 674
insert 675 675 675
insert 676 676 676
insert 677 677 677
insert 678 678 678
insert 679 679 679
insert 680 680 680
insert 681 681 681
insert 682 682 682
insert 683 683 683
insert 684 684 684
insert 685 685 685
insert 686 686 686
insert 687 687 687
insert 688 688 688
insert 689 689 689
insert 690 690 690
insert 691 691 691
insert 692 692 692
insert 693 693 693
insert 694 694 694
insert 695 695 695
insert 696 696 696
insert 697 697 697
insert 698 698 698
insert 699 699 699
insert 700 700 700
insert 701 701 701
insert 702 702 702
insert 703 703 703
insert 704 704 704
insert 705 705 705
insert 706 706 706
insert 707 707 707
insert 708 708 708
insert 709 709 709
insert 710 710 710
insert 711 711 711
insert 712 712 712
insert 713 713 713
insert 714 714 714
insert 715 715 715
insert 716 716 716
insert 717 717 717
insert 718 718 718
insert 719 719 719
insert 720 720 720
insert 721 721 721
insert 722 722 722
insert 723 723 723
insert 724 724 724
insert 725 725 725
insert 726 726 726
insert 727 727 727
insert 728 728 728
insert 729 729 729
insert 730 730 730
insert 731 731 731
insert 732 732 732
insert 733 733 733
insert 734 734 734
insert 735 735 735
insert 736 736 736
insert 737 737 737
insert 738 738 738
insert 739 739 739
insert 740 740 740
insert 741 741 741
insert 742 742 742
insert 743 743 743
insert 744 744 744
insert 745 745 745
insert 746 746 746
insert 747 747 747
insert 748 748 748
insert 749 749 749
insert 750 750 750
insert 751 751 751
insert 752 752 752
insert 753 753 753
insert 754 754 754
insert 755 755 755
insert 756 756 756
insert 757 757 757
insert 758 758 758
insert 759 759 759
insert 760 760 760
insert 761 761 761
insert 762 762 762
insert 763 763 763
insert 764 764 764
insert 765 765 765
insert 766 766 766
insert 767 767 767
insert 768 768 768
insert 769 769 769
insert 770 770 770
insert 771 771 771
insert 772 772 772
insert 773 773 773
insert 774 774 774
insert 775 775 775
insert 776 776 776
insert 777 777 777
insert 778 778 778
insert 779 779 779
insert 780 780 780
insert 781 781 781
insert 782 782 782
insert 783 783 783
insert 784 784 784
insert 785 785 785
insert 786 786 786
insert 787 787 787
insert 788 788 788
insert 789 789 789
insert 790 790 790
insert 791 791 791
insert 792 792 792
insert 793 793 793
insert 794 794 794
insert 795 795 795
insert 796 796 796
insert 797 797 797
insert 798 798 798
insert 799 799 799
insert 800 800 800
insert 801 801 801
insert 802 802 802
insert 803 803 803
insert 804 804 804
insert 805 805 805
insert 806 806 806
insert 807 807 807
insert 808 808 808
insert 809 809 809
insert 810 810 810
insert 811 811 811
insert 812 812 812
insert 813 813 813
insert 814 814 814
insert 815 815 815
insert 816 816 816
insert 817 817 817
insert 818 818 818
insert 819 819 819
insert 820 820 820
insert 821 821 821
insert 822 822 822
insert 823 823 823
insert 824 824 824
insert 825 825 825
insert 826 826 826
insert 827 827 827
insert 828 828 828
insert 829 829 829
insert 830 830 830
insert 831 831 831
insert 832 832 832
insert 833 833 833
insert 834 834 834
insert 835 835 835
insert 836 836 836
insert 837 837 837
insert 838 838 838
insert 839 839 839
insert 840 840 840
insert 841 841 841
insert 842 842 842
insert 843 843 843
insert 844 844 844
insert 845 845 845
insert 846 846 846
insert 847 847 847
insert 848 848 848
insert 849 849 849
insert 850 850 850
insert 851 851 851
insert 852 852 852
insert 853 853 853
insert 854 854 854
insert 855 855 855
insert 856 856 856
insert 857 857 857
insert 858 858 858
insert 859 859 859
insert 860 860 860
insert 861 861 861
insert 862 862 862
insert 863 863 863
insert 864 864 864
insert 865 865 865
insert 866 866 866
insert 867 867 867
insert 868 868 868
insert 869 869 869
insert 870 870 870
insert 871 871 871
insert 872 872 872
insert 873 873 873
insert 874 874 874
insert 875 875 875
insert 876 876 876
insert 877 877 877
insert 878 878 878
insert 879 879 879
insert 880 880 880
insert 881 881 881
insert 882 882 882
insert 883 883 883
insert 884 884 884
insert 885 885 885
insert 886 886 886
insert 887 887 887
insert 888 888 888
insert 889 889 889
insert 890 890 890
insert 891 891 891
insert 892 892 892
insert 893 893 893
insert 894 894 894
insert 895 895 895
insert 896 896 896
insert 897 897 897
insert 898 898 898
insert 899 899 899
insert 900 900 900
insert 901 901 901
insert 902 902 902
insert 903 903 903
insert 904 904 904
insert 905 905 905
insert 906 906 906
insert 907 907 907
insert 908 908 908
insert 909 909 909
insert 910 910 910
insert 911 911 911
insert 912 912 912
insert 913 913 913
insert 914 914 914
insert 915 915 915
insert 916 916 916
insert 917 917 917
insert 918 918 918
insert 919 919 919
insert 920 920 920
insert 921 921 921
insert 922 922 922
insert 923 923 923
insert 924 924 924
insert 925 925 925
insert 926 926 926
insert 927 927 927
insert 928 928 928
insert 929 929 929
insert 930 930 930
insert 931 931 931
insert 932 932 932
insert 933 933 933
insert 934 934 934
insert 935 935 935
insert 936 936 936
insert 937 937 937
insert 938 938 938
insert 939 939 939
insert 940 940 940
insert 941 941 941
insert 942 942 942
insert 943 943 943
insert 944 944 944
insert 945 945 945
insert 946 946 946
insert 947 947 947
insert 948 948 948
insert 949 949 949
insert 950 950 950
insert 951 951 951
insert 952 952 952
insert 953 953 953
insert 954 954 954
insert 955 955 955
insert 956 956 956
insert 957 957 957
insert 958 958 958
insert 959 959 959
insert 960 960 960
insert 961 961 961
insert 962 962 962
insert 963 963 963
insert 964 964 964
insert 965 965 965
insert 966 966 966
insert 967 967 967
insert 968 968 968
insert 969 969 969
insert 970 970 970
insert 971 971 971
insert 972 972 972
insert 973 973 973
insert 974 974 974
insert 975 975 975
insert 976 976 976
insert 977 977 977
insert 978 978 978
insert 979 979 979
insert 980 980 980
insert 981 981 981
insert 982 982 982
insert 983 983 983
insert 984 984 984
insert 985 985 985
insert 986 986 986
insert 987 987 987
insert 988 988 988
insert 989 989 989
insert 990 990 990
insert 991 991 991
insert 992 992 992
insert 993 993 993
insert 994 994 994
insert 995 995 995
insert 996 996 996
insert 997 997 997
insert 998 998 998
insert 999 999 999
insert 1000 1000 1000
insert 1001 1001 1001
insert 1002 1002 1002
insert 1003 1003 1003
insert 1004 1004 1004
insert 1005 1005 1005
insert 1006 1006 1006
insert 1007 1007 1007
insert 1008 1008 1008
insert 1009 1009 1009
insert 1010 1010 1010
insert 1011 1011 1011
insert 1012 1012 1012
insert 1013 1013 1013
insert 1014 1014 1014
insert 1015 1015 1015
insert 1016 1016 1016
insert 1017 1017 1017
insert 1018 1018 1018
insert 1019 1019 1019
insert 1020 1020 1020
insert 1021 1021 1021
insert 1022 1022 1022
insert 1023 1023 1023
insert 1024 1024 1024
insert 1025 1025 1025
insert 1026 1026 1026
insert 1027 1027 1027
insert 1028 1028 1028
insert 1029 1029 1029
insert 1030 1030 1030
insert 1031 1031 1031
insert 1032 1032 1032
insert 1033 1033 1033
insert 1034 1034 1034
insert 1035 1035 1035
insert 1036 1036 1036
insert 1037 1037 1037
insert 1038 1038 1038
insert 1039 1039 1039
insert 1040 1040 1040
insert 1041 1041 1041
insert 1042 1042 1042
insert 1043 1043 1043
insert 1044 1044 1044
insert 1045 1045 1045
insert 1046 1046 1046
insert 1047 1047 1047
insert 1048 1048 1048
insert 1049 1049 1049
insert 1050 1050 1050
insert 1051 1051 1051
insert 1052 1052 1052
insert 1053 1053 1053
insert 1054 1054 1054
insert 1055 1055 1055
insert 1056 1056 1056
insert 1057 1057 1057
insert 1058 1058 1058
insert 1059 1059 1059
insert 1060 1060 1060
insert 1061 1061 1061
insert 1062 1062 1062
insert 1063 1063 1063
insert 1064 1064 1064
insert 1065 1065 1065
insert 1066 1066 1066
insert 1067 1067 1067
insert 1068 1068 1068
insert 1069 1069 1069
insert 1070 1070 1070
insert 1071 1071 1071
insert 1072 1072 1072
insert 1073 1073 1073
insert 1074 1074 1074
insert 1075 1075 1075
insert 1076 1076 1076
insert 1077 1077 1077
insert 1078 1078 1078
insert 1079 1079 1079
insert 1080 1080 1080
insert 1081 1081 1081
insert 1082 1082 1082
insert 1083 1083 1083
insert 1084 1084 1084
insert 1085 1085 1085
insert 1086 1086 1086
insert 1087 1087 1087
insert 1088 1088 1088
insert 1089 1089 1089
insert 1090 1090 1090
insert 1091 1091 1091
insert 1092 1092 1092
insert 1093 1093 1093
insert 1094 1094 1094
insert 1095 1095 1095
insert 1096 1096 1096
insert 1097 1097 1097
insert 1098 1098 1098
insert 1099 1099 1099
insert 1100 1100 1100
insert 1101 1101 1101
insert 1102 1102 1102
insert 1103 1103 1103
insert 1104 1104 1104
insert 1105 1105 1105
insert 1106 1106 1106
insert 1107 1107 1107
insert 1108 1108 1108
insert 1109 1109 1109
insert 1110 1110 1110
insert 1111 1111 1111
insert 1112 1112 1112
insert 1113 1113 1113
insert 1114 1114 1114
insert 1115 1115 1115
insert 1116 1116 1116
insert 1117 1117 1117
insert 1118 1118 1118
insert 1119 1119 1119
insert 1120 1120 1120
insert 1121 1121 1121
insert 1122 1122 1122
insert 1123 1123 1123
insert 1124 1124 1124
insert 1125 1125 1125
insert 1126 1126 1126
insert 1127 1127 1127
insert 1128 1128 1128
insert 1129 1129 1129
insert 1130 1130 1130
insert 1131 1131 1131
insert 1132 1132 1132
insert 1133 1133 1133
insert 1134 1134 1134
insert 1135 1135 1135
insert 1136 1136 1136
insert 1137 1137 1137
insert 1138 1138 1138
insert 1139 1139 1139
insert 1140 1140 1140
insert 1141 1141 1141
insert 1142 1142 1142
insert 1143 1143 1143
insert 1144 1144 1144
insert 1145 1145 1145
insert 1146 1146 1146
insert 1147 1147 1147
insert 1148 1148 1148
insert 1149 1149 1149
insert 1150 1150 1150
insert 1151 1151 1151
insert 1152 1152 1152
insert 1153 1153 1153
insert 1154 1154 1154
insert 1155 1155 1155
insert 1156 1156 1156
insert 1157 1157 1157
insert 1158 1158 1158
insert 1159 1159 1159
insert 1160 1160 1160
insert 1161 1161 1161
insert 1162 1162 1162
insert 1163 1163 1163
insert 1164 1164 1164
insert 1165 1165 1165
insert 1166 1166 1166
insert 1167 1167 1167
insert 1168 1168 1168
insert 1169 1169 1169
insert 1170 1170 1170
insert 1171 1171 1171
insert 1172 1172 1172
insert 1173 1173 1173
insert 1174 1174 1174
insert 1175 1175 1175
insert 1176 1176 1176
insert 1177 1177 1177
insert 1178 1178 1178
insert 1179 1179 1179
insert 1180 1180 1180
insert 1181 1181 1181
insert 1182 1182 1182
insert 1183 1183 1183
insert 1184 1184 1184
insert 1185 1185 1185
insert 1186 1186 1186
insert 1187 1187 1187
insert 1188 1188 1188
insert 1189 1189 1189
insert 1190 1190 1190
insert 1191 1191 1191
insert 1192 1192 1192
insert 1193 1193 1193
insert 1194 1194 1194
insert 1195 1195 1195
insert 1196 1196 1196
insert 1197 1197 1197
insert 1198 1198 1198
insert 1199 1199 1199
insert 1200 1200 1200
insert 1201 1201 1201
insert 1202 1202 1202
insert 1203 1203 1203
insert 1204 1204 1204
insert 1205 1205 1205
insert 1206 1206 1206
insert 1207 1207 1207
insert 1208 1208 1208
insert 1209 1209 1209
insert 1210 1210 1210
insert 1211 1211 1211
insert 1212 1212 1212
insert 1213 1213 1213
insert 1214 1214 1214
insert 1215 1215 1215
insert 1216 1216 1216
insert 1217 1217 1217
insert 1218 1218 1218
insert 1219 1219 1219
insert 1220 1220 1220
insert 1221 1221 1221
insert 1222 1222 1222
insert 1223 1223 1223
insert 1224 1224 1224
insert 1225 1225 1225
insert 1226 1226 1226
insert 1227 1227 1227
insert 1228 1228 1228
insert 1229 1229 1229
insert 1230 1230 1230
insert 1231 1231 1231
insert 1232 1232 1232
insert 1233 1233 1233
insert 1234 1234 1234
insert 1235 1235 1235
insert 1236 1236 1236
insert 1237 1237 1237
insert 1238 1238 1238
insert 1239 1239 1239
insert 1240 1240 1240
insert 1241 1241 1241
insert 1242 1242 1242
insert 1243 1243 1243
insert 1244 1244 1244
insert 1245 1245 1245
insert 1246 1246 1246
insert 1247 1247 1247
insert 1248 1248 1248
insert 1249 1249 1249
insert 1250 1250 1250
insert 1251 1251 1251
insert 1252 1252 1252
insert 1253 1253 1253
insert 1254 1254 1254
insert 1255 1255 1255
insert 1256 1256 1256
insert 1257 1257 1257
insert 1258 1258 1258
insert 1259 1259 1259
insert 1260 1260 1260
insert 1261 1261 1261
insert 1262 1262 1262
insert 1263 1263 1263
insert 1264 1264 1264
insert 1265 1265 1265
insert 1266 1266 1266
insert 1267 1267 1267
insert 1268 1268 1268
insert 1269 1269 1269
insert 1270 1270 1270
insert 1271 1271 1271
insert 1272 1272 1272
insert 1273 1273 1273
insert 1274 1274 1274
insert 1275 1275 1275
insert 1276 1276 1276
insert 1277 1277 1277
insert 1278 1278 1278
insert 1279 1279 1279
insert 1280 1280 1280
insert 1281 1281 1281
insert 1282 1282 1282
insert 1283 1283 1283
insert 1284 1284 1284
insert 1285 1285 1285
insert 1286 1286 1286
insert 1287 1287 1287
insert 1288 1288 1288
insert 1289 1289 1289
insert 1290 1290 1290
insert 1291 1291 1291
insert 1292 1292 1292
insert 1293 1293 1293
insert 1294 1294 1294
insert 1295 1295 1295
insert 1296 1296 1296
insert 1297 1297 1297
insert 1298 1298 1298
insert 1299 1299 1299
insert 1300 1300 1300
insert 1301 1301 1301
insert 1302 1302 1302
insert 1303 1303 1303
insert 1304 1304 1304
insert 1305 1305 1305
insert 1306 1306 1306
insert 1307 1307 1307
insert 1308 1308 1308
insert 1309 1309 1309
insert 1310 1310 1310
insert 1311 1311 1311
insert 1312 1312 1312
insert 1313 1313 1313
insert 1314 1314 1314
insert 1315 1315 1315
insert 1316 1316 1316
insert 1317 1317 1317
insert 1318 1318 1318
insert 1319 1319 1319
insert 1320 1320 1320
insert 1321 1321 1321
insert 1322 1322 1322
insert 1323 1323 1323
insert 1324 1324 1324
insert 1325 1325 1325
insert 1326 1326 1326
insert 1327 1327 1327
insert 1328 1328 1328
insert 1329 1329 1329
insert 1330 1330 1330
insert 1331 1331 1331
insert 1332 1332 1332
insert 1333 1333 1333
insert 1334 1334 1334
insert 1335 1335 1335
insert 1336 1336 1336
insert 1337 1337 1337
insert 1338 1338 1338
insert 1339 1339 1339
insert 1340 1340 1340
insert 1341 1341 1341
insert 1342 1342 1342
insert 1343 1343 1343
insert 1344 1344 1344
insert 1345 1345 1345
insert 1346 1346 1346
insert 1347 1347 1347
insert 1348 1348 1348
insert 1349 1349 1349
insert 1350 1350 1350
insert 1351 1351 1351
insert 1352 1352 1352
insert 1353 1353 1353
insert 1354 1354 1354
insert 1355 1355 1355
insert 1356 1356 1356
insert 1357 1357 1357
insert 1358 1358 1358
insert 1359 1359 1359
insert 1360 1360 1360
insert 1361 1361 1361
insert 1362 1362 1362
insert 1363 1363 1363
insert 1364 1364 1364
insert 1365 1365 1365
insert 1366 1366 1366
insert 1367 1367 1367
insert 1368 1368 1368
insert 1369 1369 1369
insert 1370 1370 1370
insert 1371 1371 1371
insert 1372 1372 1372
insert 1373 1373 1373
insert 1374 1374 1374
insert 1375 1375 1375
insert 1376 1376 1376
insert 1377 1377 1377
insert 1378 1378 1378
insert 1379 1379 1379
insert 1380 1380 1380
insert 1381 1381 1381
insert 1382 1382 1382
insert 1383 1383 1383
insert 1384 1384 1384
insert 1385 1385 1385
insert 1386 1386 1386
insert 1387 1387 1387
insert 1388 1388 1388
insert 1389 1389 1389
insert 1390 1390 1390
insert 1391 1391 1391
insert 1392 1392 1392
insert 1393 1393 1393
insert 1394 1394 1394
insert 1395 1395 1395
insert 1396 1396 1396
insert 1397 1397 1397
insert 1398 1398 1398
insert 1399 1399 1399
insert 1400 1400 1400
insert 1401 1401 1401
insert 1402 1402 1402
insert 1403 1403 1403
insert 1404 1404 1404
insert 1405 1405 1405
insert 1406 1406 1406
insert 1407 1407 1407
insert 1408 1408 1408
insert 1409 1409 1409
insert 1410 1410 1410
insert 1411 1411 1411
insert 1412 1412 1412
insert 1413 1413 1413
insert 1414 1414 1414
insert 1415 1415 1415
insert 1416 1416 1416
insert 1417 1417 1417
insert 1418 1418 1418
insert 1419 1419 1419
insert 1420 1420 1420
insert 1421 1421 1421
insert 1422 1422 1422
insert 1423 1423 1423
insert 1424 1424 1424
insert 1425 1425 1425
insert 1426 1426 1426
insert 1427 1427 1427
insert 1428 1428 1428
insert 1429 1429 1429
insert 1430 1430 1430
insert 1431 1431 1431
insert 1432 1432 1432
insert 1433 1433 1433
insert 1434 1434 1434
insert 1435 1435 1435
insert 1436 1436 1436
insert 1437 1437 1437
insert 1438 1438 1438
insert 1439 1439 1439
insert 1440 1440 1440
insert 1441 1441 1441
insert 1442 1442 1442
insert 1443 1443 1443
insert 1444 1444 1444
insert 1445 1445 1445
insert 1446 1446 1446
insert 1447 1447 1447
insert 1448 1448 1448
insert 1449 1449 1449
insert 1450 1450 1450
insert 1451 1451 1451
insert 1452 1452 1452
insert 1453 1453 1453
insert 1454 1454 1454
insert 1455 1455 1455
insert 1456 1456 1456
insert 1457 1457 1457
insert 1458 1458 1458
insert 1459 1459 1459
insert 1460 1460 1460
insert 1461 1461 1461
insert 1462 1462 1462
insert 1463 1463 1463
insert 1464 1464 1464
insert 1465 1465 1465
insert 1466 1466 1466
insert 1467 1467 1467
insert 1468 1468 1468
insert 1469 1469 1469
insert 1470 1470 1470
insert 1471 1471 1471
insert 1472 1472 1472
insert 1473 1473 1473
insert 1474 1474 1474
insert 1475 1475 1475
insert 1476 1476 1476
insert 1477 1477 1477
insert 1478 1478 1478
insert 1479 1479 1479
insert 1480 1480 1480
insert 1481 1481 1481
insert 1482 1482 1482
insert 1483 1483 1483
insert 1484 1484 1484
insert 1485 1485 1485
insert 1486 1486 1486
insert 1487 1487 1487
insert 1488 1488 1488
insert 1489 1489 1489
insert 1490 1490 1490
insert 1491 1491 1491
insert 1492 1492 1492
insert 1493 1493 1493
insert 1494 1494 1494
insert 1495 1495 1495
insert 1496 1496 1496
insert 1497 1497 1497
insert 1498 1498 1498
insert 1499 1499 1499
insert 1500 1500 1500
